00000011111000000100100000100000
00000011111000000000000000001000
00111100000000010110000000000000
00100011101100000000000000000000
00100011101101010000000000000100
00100010000100011111111111110000
00001100000100000000000000000000
00100001001010010000000000010000
00111100000000011000000000000000
00000001001010100100100000100101
10101110000010011111111111111000
00100000000110000000000000000001
00100000000110010000000000000001
00100010001100011111111111111100
00100000000010010000000000001000
10101110001010010000000000000000
10001110001010010000000000000000
00100010000010001111111111110000
10101101000010010000000000000000
00100010001100010000000000000100
00000010000000000100000000100000
00100010001100011111111111111100
10001101000010011111111111110000
10101110001010010000000000000000
00100010001100011111111111111100
00100000000010010000000000000001
10101110001010010000000000000000
10001110001010100000000000000000
00100010001100010000000000000100
10001110001010010000000000000000
00000001001010100101100000101010
00000001010010010101000000101010
00000001011010100100100000100101
00000011000010010100100000100010
10101110001010010000000000000000
10001110001110010000000000000000
00100010001100010000000000000100
00010011001000000000000000110100
00100010001100011111111111111100
00100000000010010000000000000001
10101110001010010000000000000000
10001110001010000000000000000000
00000000000010000100111101000010
00100000000010110000000000000111
00100000000011000000000000000100
00010001001000000000000000100100
00010001001010110000000000100011
00010001001011000000000000001111
00100000000010110000000000000011
00010101001010110000000000001001
10001101000010010000000000000000
00100000000000100000000000001011
00000000000010010101100000101010
00010001011000000000000000011111
00100001000010000000000000000100
10001101000001000000000000000000
00000000000000000000000000001100
00100001001010011111111111111100
00001000000100000000000000110100
00100000000000100000000000000010
01000100100010000110000000000000
00000000000000000000000000001100
00001000000100000000000001010101
00100000000000100000000000001011
00100000000001000000000001100001
00000000000000000000000000001100
00100000000001000000000001101100
00000000000000000000000000001100
00100000000001000000000001100111
00000000000000000000000000001100
00100000000001000000000000100000
00000000000000000000000000001100
00100000000001000000000001100001
00000000000000000000000000001100
00100000000001000000000001110100
00000000000000000000000000001100
00100000000001000000000000100000
00000000000000000000000000001100
00100000000000100000000000000001
00000001000000000010000000100000
00000000000000000000000000001100
00001000000100000000000001010101
00100000000000100000000000000001
00000001000000000010000000100000
00000000000000000000000000001100
00100010001100010000000000000100
00100000000001000000000000001010
00100000000000100000000000001011
00000000000000000000000000001100
00100000000110010000000000000001
00000010000000000100000000100000
00100010001100011111111111111100
10001101000010011111111111110000
10101110001010010000000000000000
00100010001100011111111111111100
00100000000010010000000000000010
10101110001010010000000000000000
10001110001010100000000000000000
00100010001100010000000000000100
10001110001010010000000000000000
00000001001010100101100000101010
00000001010010010101000000101010
00000001011010100100100000100101
00000011000010010100100000100010
10101110001010010000000000000000
00010111001000000000000000110111
10001110001110010000000000000000
00100010001100010000000000000100
00010011001000000000000000110100
00100010001100011111111111111100
00100000000010010000000000000010
10101110001010010000000000000000
10001110001010000000000000000000
00000000000010000100111101000010
00100000000010110000000000000111
00100000000011000000000000000100
00010001001000000000000000100100
00010001001010110000000000100011
00010001001011000000000000001111
00100000000010110000000000000011
00010101001010110000000000001001
10001101000010010000000000000000
00100000000000100000000000001011
00000000000010010101100000101010
00010001011000000000000000011111
00100001000010000000000000000100
10001101000001000000000000000000
00000000000000000000000000001100
00100001001010011111111111111100
00001000000100000000000001111011
00100000000000100000000000000010
01000100100010000110000000000000
00000000000000000000000000001100
00001000000100000000000010011100
00100000000000100000000000001011
00100000000001000000000001100001
00000000000000000000000000001100
00100000000001000000000001101100
00000000000000000000000000001100
00100000000001000000000001100111
00000000000000000000000000001100
00100000000001000000000000100000
00000000000000000000000000001100
00100000000001000000000001100001
00000000000000000000000000001100
00100000000001000000000001110100
00000000000000000000000000001100
00100000000001000000000000100000
00000000000000000000000000001100
00100000000000100000000000000001
00000001000000000010000000100000
00000000000000000000000000001100
00001000000100000000000010011100
00100000000000100000000000000001
00000001000000000010000000100000
00000000000000000000000000001100
00100010001100010000000000000100
00100000000001000000000000001010
00100000000000100000000000001011
00000000000000000000000000001100
00100000000110010000000000000001
00000010000000000100000000100000
00100010001100011111111111111100
10001101000010011111111111110000
10101110001010010000000000000000
00100010001100011111111111111100
00100000000010010000000000000011
10101110001010010000000000000000
10001110001010100000000000000000
00100010001100010000000000000100
10001110001010010000000000000000
00000001001010100101100000101010
00000001010010010101000000101010
00000001011010100100100000100101
00000011000010010100100000100010
10101110001010010000000000000000
00010111001000000000000000110111
10001110001110010000000000000000
00100010001100010000000000000100
00010011001000000000000000110100
00100010001100011111111111111100
00100000000010010000000000000011
10101110001010010000000000000000
10001110001010000000000000000000
00000000000010000100111101000010
00100000000010110000000000000111
00100000000011000000000000000100
00010001001000000000000000100100
00010001001010110000000000100011
00010001001011000000000000001111
00100000000010110000000000000011
00010101001010110000000000001001
10001101000010010000000000000000
00100000000000100000000000001011
00000000000010010101100000101010
00010001011000000000000000011111
00100001000010000000000000000100
10001101000001000000000000000000
00000000000000000000000000001100
00100001001010011111111111111100
00001000000100000000000011000010
00100000000000100000000000000010
01000100100010000110000000000000
00000000000000000000000000001100
00001000000100000000000011100011
00100000000000100000000000001011
00100000000001000000000001100001
00000000000000000000000000001100
00100000000001000000000001101100
00000000000000000000000000001100
00100000000001000000000001100111
00000000000000000000000000001100
00100000000001000000000000100000
00000000000000000000000000001100
00100000000001000000000001100001
00000000000000000000000000001100
00100000000001000000000001110100
00000000000000000000000000001100
00100000000001000000000000100000
00000000000000000000000000001100
00100000000000100000000000000001
00000001000000000010000000100000
00000000000000000000000000001100
00001000000100000000000011100011
00100000000000100000000000000001
00000001000000000010000000100000
00000000000000000000000000001100
00100010001100010000000000000100
00100000000001000000000000001010
00100000000000100000000000001011
00000000000000000000000000001100
00100000000110010000000000000001
00010111001000000000000000111111
00000010101000000100000000100000
00100010101101010000000000010100
00100000000010010000000000010000
10101101000010010000000000000000
00100000000010010000000001101110
10101101000010010000000000000100
00100000000010010000000001101111
10101101000010010000000000001000
00100000000010010000000001101110
10101101000010010000000000001100
00100000000010010000000001100101
10101101000010010000000000010000
00100010001100011111111111111100
10101110001010000000000000000000
10001110001010000000000000000000
00000000000010000100111101000010
00100000000010110000000000000111
00100000000011000000000000000100
00010001001000000000000000100100
00010001001010110000000000100011
00010001001011000000000000001111
00100000000010110000000000000011
00010101001010110000000000001001
10001101000010010000000000000000
00100000000000100000000000001011
00000000000010010101100000101010
00010001011000000000000000011111
00100001000010000000000000000100
10001101000001000000000000000000
00000000000000000000000000001100
00100001001010011111111111111100
00001000000100000000000100000010
00100000000000100000000000000010
01000100100010000110000000000000
00000000000000000000000000001100
00001000000100000000000100100011
00100000000000100000000000001011
00100000000001000000000001100001
00000000000000000000000000001100
00100000000001000000000001101100
00000000000000000000000000001100
00100000000001000000000001100111
00000000000000000000000000001100
00100000000001000000000000100000
00000000000000000000000000001100
00100000000001000000000001100001
00000000000000000000000000001100
00100000000001000000000001110100
00000000000000000000000000001100
00100000000001000000000000100000
00000000000000000000000000001100
00100000000000100000000000000001
00000001000000000010000000100000
00000000000000000000000000001100
00001000000100000000000100100011
00100000000000100000000000000001
00000001000000000010000000100000
00000000000000000000000000001100
00100010001100010000000000000100
00100000000001000000000000001010
00100000000000100000000000001011
00000000000000000000000000001100
00100000000110010000000000000001
00100000000001000000000000001010
00100000000000100000000000001011
00000000000000000000000000001100
00100000000000100000000000001010
00000000000000000000000000001100
00100000000000100000000000001011
00100000000001000000000001000101
00000000000000000000000000001100
00100000000001000000000001010010
00000000000000000000000000001100
00100000000001000000000001010010
00000000000000000000000000001100
00100000000001000000000001001111
00000000000000000000000000001100
00100000000001000000000001010010
00000000000000000000000000001100
00100000000001000000000000001010
00000000000000000000000000001100
00100000000000100000000000001010
00000000000000000000000000001100